319.155 366.736
666.638 527.426
297.679 384.691
137.412 132.785
290.069 372.271
728.72 497.87
123.364 83.0036
470.896 221.303
123.405 104.518
270.291 389.955
123.466 122.336
697.88 491.532
69.4143 126.584
528.93 176.551
474.363 222.731
704.044 498.585
482.777 226.435
732.185 491.209
489.818 225.207
700.021 468.325
736.211 486.024
679.769 471.629
512.182 228.147
88.9706 104.677
126.132 94.3394
300.887 437.661
674.368 511.344
503.058 230.173
137.851 61.8287
104.23 111.322
320.139 425.227
706.32 487.345
677.772 533.769
118.112 86.3753
710.114 522.705
261.462 428.339
280.15 360.007
118.283 134.912
681.133 531.203
98.0627 100.348
95.8727 138.633
300.883 378.46
286.341 422.343
519.648 174.302
670.76 471.033
78.0596 131.176
523.588 196.759
67.2073 104.364
80.9235 105.89
713.739 462.485
699.586 461.609
496.625 185.679
672.622 489.532
77.0513 86.8368
137.378 98.2092
127.47 137.935
694.173 480.247
710.917 487.931
534.548 217.338
300.731 362.168
307.392 363.963
333.288 365
679.761 539.695
282.96 438.398
706.051 508.847
288.536 388.626
315.043 439.019
714.289 531.487
708.886 496.315
666.524 493.575
91.3462 125.356
337.888 432.832
114.618 125.942
686.79 516.178
284.93 365.994
668.301 505.304
266.519 391.783
705.436 503.727
701.989 481.544
296.227 378.985
73.9995 87.5985
722.131 463.416
119.064 114.665
87.1468 105.184
338.735 438.477
64.7975 78.3111
126.762 68.9846
691.424 476.221
512.821 216.374
729.458 477.835
724.218 495.641
703.256 518.522
296.451 397.071
132.688 90.3085
331.875 404.984
726.069 466.448
282.645 396.009
674.3 465.012
490.02 200.956
121.801 84.4734
496.493 180.543
467.639 171.267
110.622 95.5992
301.593 365.064
316.423 376.114
675.025 522.07
269.912 381.246
495.392 209.911
465.027 163.811
685.875 509.735
329.311 397.843
697.953 521.889
516.904 226.853
134.993 61.0938
132.063 72.9423
528.757 195.34
691.012 463.455
678.46 479.7
503.207 211.857
303.317 392.103
495.099 223.635
324.765 402.582
520.309 215.451
533.423 230.852
269.617 387.389
118.5 119.025
102.467 123.11
673.753 497.186
278.707 401.803
294.293 398.878
705.111 498.343
532.422 162.046
515.68 194.552
98.3337 117.892
668.079 474.571
682.918 475.857
270.557 361.316
515.097 187.603
84.4734 98.5437
694.96 465.991
267.127 424.599
296.708 437.231
737.8 488.922
481.744 205.006
537.038 201.444
332.458 395.106
734.888 487.52
301.117 377.142
478.416 217.58
515.986 177.159
662.085 460.713
468.128 230.634
266.536 385.445
467.603 169.89
532.261 228.471
516.528 163.276
663.984 463.638
269.304 415.429
710.041 538.581
706.618 468.789
117.89 115.268
689.896 506.059
682.872 503.505
697.067 511.452
671.668 482.694
297.799 375.848
105.346 97.4084
118.09 116.515
538.806 236.218
499.02 176.741
104.298 90.8359
503.549 183.922
66.155 114.123
97.7551 126.733
312.204 380.538
279.456 372.769
94.3028 111.667
497.169 217.543
536.348 211.974
506.4 224.086
682.415 496.454
137.82 89.3368
531.269 171.941
273.34 369.37
285.162 427.729
291.236 419.977
102.001 128.899
320.358 392.425
309.14 377.059
86.1751 76.2896
685.584 498.409
107.765 71.9462
96.3439 107.946
284.998 374.898
718.361 531.264
709.154 492.435
302.172 391.827
527.741 160.037
96.5368 121.75
105.836 70.8475
515.441 197.985
481.304 165.95
317.565 373.572
660.195 486.568
527.959 234.868
91.3413 131.277
289.767 400.958
465.442 182.112
261.106 380.313
694.261 472.994
277.75 362.371
69.2703 122.17
76.9732 138.186
266.914 387.391
91.124 64.424
68.9309 118.378
81.4997 118.898
691.427 465.549
663.967 473.431
515.212 227.414
267.168 421.376
672.683 510.895
92.6035 112.109
462.803 229.836
502.721 213.886
105.99 66.2331
679.134 478.943
84.6004 77.2393
97.401 111.308
332.353 437.869
528.278 207.726
727.392 475.166
667.239 526.289
718.964 504.196
324.965 404.704
326.455 429.304
70.867 71.8119
322.292 376.385
80.235 100.941
716.562 522.47
662.346 472.679
311.371 438.552
672.908 537.292
536.902 189.886
708.556 483.375
508.722 174.969
294.525 419.555
307.384 400.209
98.5827 69.8733
526.433 211.83
65.0905 121.271
133.882 129.863
312.67 432.82
334.907 421.017
287.086 431.689
139.839 118.144
698.175 469.622
701.752 533.408
485.252 226.374
81.8268 110.619
100.074 72.9862
298.339 389.234
699.684 497.977
326.486 418.276
693.485 463.291
711.508 472.937
339.675 424.677
326.359 379.996
105.729 72.4369
117.929 80.0861
265.857 413.749
292.164 415.776
75.4277 136.555
738.635 483.8
288.128 397.806
718.954 498.234
536.125 215.134
511.186 188.226
106.845 81.214
303.678 389.923
131.933 134.077
97.0177 136.531
684.81 474.117
111.657 113.893
692.728 470.12
701.415 520.932
477.532 211.664
129.475 85.0545
276.358 434.209
503.676 182.257
109.276 95.8702
261.751 429.812
265.405 391.222
734.897 526.545
722.382 537.642
269.346 421.486
85.9481 133.669
320.949 386.148
107.382 116.442
706.454 499.022
715.881 466.724
128.078 132.91
281.375 395.14
114.111 76.4605
510.253 162.232
488.687 170.835
502.218 167.493
127.602 110.71
711.149 519.064
324.76 415.815
465.95 215.793
75.291 95.0816
129.58 127.419
266.441 389.864
715.053 496.166
526.335 166.128
286.932 374.512
683.284 477.418
324.939 389.041
84.8177 91.2485
463.423 229.179
465.642 211.125
536.262 192.264
327.79 424.567
701.112 462.871
273.724 394.698
320.493 414.355
104.708 98.6047
328.911 364.58
531.799 190.287
666.267 505.451
695.787 479.249
337.163 387.152
485.062 197.88
734.043 483.382
86.7513 111.462
729.223 502.506
316.669 394.244
706.488 532.424
297.511 363.303
337.59 383.27
682.391 498.885
522.219 172.173
462.205 235.742
672.049 488.321
700.47 474.549
80.2545 74.1166
278.206 405.692
487.374 169.722
74.0898 69.7537
702.797 503.339
281.473 429.914
118.024 98.5778
504.047 190.848
83.7654 102.875
325.861 437.131
667.403 467.285
509.022 211.098
470.63 178.25
483.797 175.943
499.147 225.703
131.069 104.32
267.017 379.647
105.895 126.049
517.912 208.703
323.71 410.526
323.596 419.235
96.9469 100.211
327.238 392.669
60.2124 61.1158
104.745 101.173
505.849 204.523
71.912 98.3581
319.531 391.09
278.514 421.747
526.904 184.459
732.373 517.702
107.36 105.797
677.349 497.172
690.064 484.198
478.643 181.981
509.909 229.719
697.108 516.562
737.549 526.733
291.307 368.95
497.767 224.768
321.852 377.53
124.384 102.247
737.002 526.328
677.488 485.648
281.924 381.971
720.349 492.308
665.935 489.198
508.271 239.714
92.8159 69.4827
130.827 77.293
678.973 528.857
301.339 398.876
682.286 485.958
494.051 194.642
531.706 190.514
679.459 511.044
113.298 64.8146
732.282 515.353
83.0842 117.436
494.125 198.585
710.211 518.398
314.364 366.294
716.073 538.977
77.8765 111.327
135.771 137.031
507.201 165.772
317.831 380.023
509.308 181.583
486.366 193.226
533.645 199.884
106.933 129.343
688.197 468.721
513.075 188.551
94.2711 87.1664
275.113 424.345
698.324 520.749
475.994 200.648
710.59 519.008
131.054 109.735
335.417 420.432
139.346 67.9104
267.117 363.352
513.683 187.591
477.776 203.453
694.859 509.315
129.919 79.1876
322.524 436.335
697.045 536.113
80.9552 76.9219
738.984 509.296
292.567 416.108
666.624 480.018
725.18 478.511
732.068 538.811
701.178 538.069
285.282 391.349
537.454 227.888
737.412 487.035
694.523 535.076
713.366 502.133
701.566 480.34
532.871 180.057
81.0456 111.291
119.221 91.0532
692.494 490.765
668.948 531.633
719.46 528.195
493.226 211.303
706.957 511.923
333.252 439.851
308.778 384.481
727.021 522.936
534.787 210.375
113.82 107.099
267.881 407.389
275.35 417.292
538.564 177.569
718.906 530.783
512.096 192.921
718.102 500.917
729.028 473.572
670.613 472.344
694.33 492.477
739.98 506.544
283.792 400.978
69.993 132.06
718.217 483.389
325.336 418.581
536.829 226.447
490.987 177.107
130.815 100.866
525.659 180.638
66.2062 127.421
460.83 210.434
722.304 468.841
277.222 412.602
707.67 481.495
464.329 187.889
700.253 467.234
106.395 64.7121
521.437 195.929
729.563 471.145
485.887 233.108
680.089 536.196
499.828 214.828
332.47 423.903
499.908 193.231
278.878 385.911
683.138 521.479
477.864 198.861
265.325 425.571
670.271 522.543
271.319 413.339
694.349 523
474.832 167.151
539.641 221.816
478.919 227.182
80.6232 128.606
70.2152 85.8602
716.301 498.234
120.829 71.9022
700.721 497.611
101.29 93.629
312.255 398.881
316.283 426.477
705.629 486.698
131.855 118.537
491.092 226.706
538.657 200.565
278.834 400.687
680.206 533.323
464.531 200.883
718.554 515.304
663.254 481.702
701.659 517.78
274.139 361.672
667.649 521.716
127.111 81.634
720.607 532.6
515.69 167.344
690.836 534.306
726.157 485.355
339.614 362.073
123.688 70.5814
134.143 137.295
719.853 512.253
493.043 183.236
93.5508 101.981
495.934 201.012
698.939 463.499
132.705 78.8995
138.938 88.0282
688.892 505.961
521.909 202.665
713.044 492.093
481.734 211.137
720.29 532.019
277.874 377.032
723.356 519.421
132.217 119.203
298.019 370.298
93.3775 127.27
314.54 360.806
696.832 532.212
669.93 475.181
480.562 212.831
67.8689 123.166
511.178 213.337
483.936 233.992
84.2879 80.6647
713.312 495.47
295.604 372.115
336.404 391.815
85.6307 124.702
324.865 412.724
330.991 427.126
476.304 229.013
719.291 503.6
720.427 526.337
472.163 235.701
92.7012 128.852
82.4201 124.311
113.708 138.428
516.508 238.176
732.951 492.816
492.337 198.89
305.663 397.491
85.1668 104.181
479.222 221.059
130.671 82.1198
62.9542 73.0351
494.479 168.438
70.8084 115.522
671.38 497.382
90.9629 86.5462
734.997 503.602
479.686 223.205
110.211 118.337
488.797 236.435
315.722 397.648
526.875 217.101
533.047 213.869
333.869 414.328
330.952 363.254
687.078 532.265
720.649 503.829
483.477 170.313
507.311 166.76
669.114 514.57
527.336 233.039
320.947 424.56
708.432 504.118
279.598 379.59
91.0459 111.088
93.751 82.8547
134.775 131.391
317.436 399.166
92.3057 65.4103
491.236 233.554
136.133 97.2961
326.582 373.108
719.623 515.146
709.308 523.425
314.269 405.248
474.59 183.555
318.759 373.272
729.695 469.9
673.226 472.461
664.441 489.505
103.434 64.5265
661.216 527.255
494.776 233.574
107.143 78.9947
664.922 466.612
670.611 504.152
536.553 216.288
302.616 376.419
498.06 182.174
310.358 410.136
70.2908 136.579
136.384 82.5373
481.153 229.067
331.067 408.507
717.797 480.889
319.496 364.612
727.297 476.395
305.868 413.105
721.999 502.889
279.283 374.214
104.606 113.847
674.358 486.507
330.7 362.253
328.359 430.183
82.8352 121.794
333.567 377.127
690.472 512.973
139.421 104.227
683.931 489.684
103.446 132.722
488.216 228.689
473.318 226.723
113.959 90.2133
274.407 427.79
537.861 192.574
707.926 470.12
133.967 116.769
124.384 82.4201
69.7269 99.2419
75.2593 67.5369
267.224 431.67
492.906 169.983
520.068 196.171
274.415 363.992
260.41 372.676
299.752 431.289
738.215 492.169
687.76 517.809
336.155 385.289
335.581 392.596
288.941 380.386
467.923 189.659
494.527 188.316
532.116 205.087
687.445 483.336
283.052 416.789
280.916 360.244
119.382 123.193
684.478 527.451
267.857 409.86
317.817 373.868
517.436 199.362
79.1705 74.6806
327.942 369.993
538.02 206.706
490.147 172.713
96.9811 78.6187
64.9098 103.432
96.715 94.7081
88.5214 89.1147
90.3085 72.6444
109.752 91.3852
499.999 196.749
311.027 390.15
119.272 97.6232
292.02 432.51
127.28 77.3663
728.471 508.505
490.128 216.606
672.266 515.561
285.098 435.329
520.917 207.245
328.869 384.097
265.296 399.698
489.864 225.446
294.098 420.519
667.442 517.319
521.66 199.94
716.97 461.187
282.906 413.161
480.169 197.025
474.957 175.276
713.832 485.565
309.374 436.682
467.786 165.349
262.424 376.951
714.345 517.809
102.714 119.191
66.6506 108.173
686.275 474.373
492.215 223.305
668.87 506.718
480.616 229.526
123.344 136.221
730.735 474.346
717.118 533.43
693.045 525.529
290.506 384.158
686.422 469.134
271.184 438.264
96.4928 85.3548
533.388 196.759
324.111 376.573
712.404 465.466
697.535 526.735
265.828 401.032
700.914 494.352
502.396 186.536
94.2662 73.4745
107.672 69.1482
536.601 207.799
72.7909 121.074
463.933 222.534
668.282 497.804
307.897 377.024
289.481 414.032
718.261 528.093
283.397 367.735
684.163 539.834
338.884 386.89
463.882 210.199
732.712 480.897
282.01 437.927
283.765 360.208
125.476 75.4082
285.78 412.807
516.288 193.895
496.088 165.112
469.024 176.973
63.6842 77.5201
325.012 406.474
294.361 401.173
482.755 222.067
63.9869 102.789
705.67 491.578
713.073 498.185
93.209 133.515
676.458 532.859
520.463 176.656
731.601 539.373
473.99 233.591
517.089 196.427
507.917 215.768
490.191 223.476
504.662 237.317
727.893 477.266
518.427 232.993
460.466 183.275
697.296 482.811
729.975 524.982
311.21 421.586
697.931 497.98
708.188 486.16
297.394 403.453
490.14 226.447
464.048 237.068
112.209 68.3206
499.303 194.405
316.015 417.331
665.332 532.995
277.344 381.553
697.862 473.663
692.711 460.378
316.965 360.334
496.864 162.893
109.445 97.5378
64.7584 135.41
78.4454 78.8116
736.648 502.152
716.618 516.877
723.811 526.484
668.797 517.751
315.19 411.935
118.408 96.2877
501.52 193.277
288.761 379.41
513.735 167.212
506.339 215.986
66.3405 70.7132
297.55 418.759
674.09 501.91
713.778 493.829
721.711 504.379
271.636 397.128
461.575 210.028
126.013 84.9861
323.149 429.236
693.06 467.273
330.642 438.794
78.6627 76.7779
331.772 419.084
674.759 487.367
70.6424 101.354
331.848 376.163
461.692 194.352
730.456 501.356
669.268 496.49
687.625 527.39
138.857 95.6163
276.553 403.27
91.1142 102.863
138.24 97.2887
468.741 210.451
313.581 422.905
528.938 195.289
132.622 65.7375
730.517 461.006
734.646 490.418
685.042 470.564
508.688 218.788
295.057 379.932
108.441 77.3418
480.342 170.291
478.929 161.909
664.397 462.019
704.279 491.5
108.561 88.2601
336.748 390.948
490.079 179.161
486.639 183.309
673.096 509.85
471.104 238.188
307.912 386.087
126.767 61.0205
84.0559 90.9677
716.95 531.098
86.6243 104.384
518.803 192.342
532.917 224.008
108.905 81.2336
487.94 212.265
527.924 189.977
62.3682 118.361
505.758 180.789
735.559 507.68
738.042 518.566
68.8064 122.932
673.226 484.295
470.515 232.146
686.502 480.543
94.9693 138.213
92.4961 112.995
490.494 182.899
73.3598 78.3819
110.253 65.3566
122.053 119.365
470.501 160.813
112.633 70.7669
116.154 79.8248
660.281 469.287
322.477 421.599
113.124 120.156
714.404 477.02
296.376 419.394
691.292 497.779
96.2609 89.2538
75.2202 77.481
96.9762 87.037
324.672 418.972
538.472 183.9
263.259 379.095
96.151 90.4575
94.4957 97.9089
525.583 199.847
478.677 223.859
476.106 216.581
487.047 189.791
86.7611 90.9653
90.875 106.637
66.2209 73.9653
139.619 112.375
75.4839 116.33
262.405 393.49
707.819 488.433
481.068 234.36
525.019 203.732
320.519 417.009
72.2636 118.83
133.755 99.574
525.979 187.096
513.866 236.189
679.803 490.457
294.381 434.419
473.355 235.293
71.8778 88.3309
266.717 403.659
271.27 386.09
530.642 209.855
284.276 380.484
528.237 175.054
715.502 539.111
678.423 469.131
678.248 487.911
704.735 528.947
123.503 137.612
675.057 496.302
490.799 187.074
118.722 136.365
468.501 180.909
136.841 128.833
73.7162 70.6839
130.102 119.267
98.4338 139.875
105.241 86.8197
468.736 172.242
137.219 77.4273
677.698 501.554
68.6331 77.7471
510.341 227.651
731.189 475.44
110.382 109.606
126.088 95.1573
533.711 161.311
70.9915 107.401
702.338 527.99
500.678 208.698
725.351 464.307
306.884 396.744
139.7 75.4521
489.813 223.12
273.853 412.072
519.54 208.73
61.2867 138.301
260.127 363.643
318.332 369.102
82.5275 93.0894
682.437 488.927
94.3736 105.258
331.994 428.222
675.53 514.333
127.719 77.6543
737.864 503.397
498.402 171.849
495.86 167.202
330.063 425.334
531.926 203.556
117.848 122.81
495.753 174.798
673.802 464.234
701.918 507.287
521.418 212.182
72.9447 86.8319
119.12 114.721
527.246 212.113
330.2 431.662
82.0319 115.571
665.388 485.184
280.923 422.853
497.145 217.983
474.112 206.913
90.9311 102.804
706.176 511.84
489.093 196.827
472.193 184.132
506.691 162.532
117.546 105.546
286.453 433.825
709.904 521.769
261.284 361.914
494.061 235.134
278.025 420.016
120.974 67.1902
134.99 129.145
291.917 368.391
528.508 219.411
86.9979 87.2933
520.117 171.932
464.19 200.582
536.128 226.03
670.977 517.875
725.302 474.646
95.0841 81.6999
477.947 218.007
124.155 93.1455
461.196 171.221
