4.27259 7.32444
436.268 550.359
392.663 235.829
195.709 139.97
385.974 32.3923
791.259 548.418
328.892 129.991
57.033 425.275
517.301 251.082
350.377 360.289
217.463 489.456
724.778 468.892
224.372 128.91
154.692 111.533
84.109 68.0258
736.888 65.865
705.295 319.437
193.023 570.336
284.408 552.483
199.396 358.074
670.65 547.923
667.574 299.716
94.2412 133.653
102.078 574.035
584.368 269.832
159.478 384.954
400.623 52.5529
133.964 543.876
604.144 304.514
294.613 535.948
92.1903 121.494
599.091 589.087
222.224 43.6903
109.012 364.483
549.846 20.0873
431.947 587.347
405.896 435.2
114.676 436.628
637.446 366.46
113.334 12.4332
238.142 141.417
65.0166 100.052
592.352 563.213
685.836 149.052
58.4002 473.031
20.6549 486.471
416.077 18.6224
469.424 82.6563
702.976 497.439
714.914 88.7722
764.965 342.747
677.194 264.284
445.814 322.495
19.5074 313.596
740.721 118.381
730.906 450.398
39.0637 555.083
710.178 8.49635
581.097 247.328
76.6137 417.804
653.78 334.599
732.249 564.44
450.551 71.3034
100.418 453.42
320.371 541.734
366.344 593.005
130.717 468.252
543.889 419.105
69.509 181.829
693.966 578.814
411.292 123.197
19.7516 391.565
572.454 343.718
563.079 106.864
580.364 574.584
627.68 477.206
481.826 133.14
53.7858 264.888
15.2593 235.133
669.649 401.856
472.304 181.408
44.0199 420.643
673.116 188.128
265.804 75.7714
181.085 529.008
274.96 174.23
81.3746 158.391
669.967 533.366
48.6099 84.1029
716.941 485.592
428.626 258.406
485.22 448.091
59.1815 56.2883
634.761 376.696
155.034 109.482
779.638 222.297
181.573 565.099
153.569 8.93582
43.0921 137.7
701.804 452.046
109.647 23.4748
324.448 535.545
608.246 245.167
396.57 166.942
702.976 296.658
89.8465 128.764
389.343 55.9954
20.5573 245.094
727.488 235.463
549.48 582.385
739.549 137.443
457.875 2.74667
96.0723 385.083
525.675 488.943
316.66 596.045
135.6 159.343
9.27763 268.587
229.279 192.175
74.0501 48.5427
739.622 177.233
795.849 245.607
225.031 514.286
351.012 368.255
230.036 176.537
653.267 145.775
497.403 58.2659
463.491 405.921
356.969 225.025
88.6502 77.456
416.004 85.3847
794.8 285.891
676.046 2.94809
59.1082 411.341
401.404 167.345
186.09 77.2546
664.132 42.8663
212.555 338.902
490.664 213.764
627.094 39.8633
334.874 344.542
428.162 406.14
602.948 474.459
46.6323 45.5031
154.399 564.66
57.1306 22.0832
105.179 116.77
403.455 573.888
256.868 581.817
463.247 142.479
677.731 377.996
676.559 483.816
560.149 236.305
463.515 328.245
479.849 292.611
356.041 559.294
181.402 44.9171
668.77 379.186
415.516 594.726
633.735 230.555
152.763 490.921
724.387 542.54
98.9288 195.361
93.6064 70.2414
636.909 488.65
650.752 296.548
320.151 234.785
102.664 464.406
642.744 423.664
684.03 509.122
10.7913 109.94
701.413 58.6322
240.901 167.327
416.688 571.343
509.561 476.675
594.452 579.217
479.58 466.842
438.246 106.113
327.866 27.1371
441.249 29.078
199.933 509.946
75.7347 451.808
415.638 442.213
646.675 59.0533
151.885 64.8579
34.4493 520.713
726.682 318.632
51.5885 513.901
9.61943 195.068
338.536 232.716
84.4264 271.59
323.545 353.313
287.338 149.217
771.606 123.948
147.685 11.9022
47.3403 148.173
354.723 25.9102
617.328 130.284
676.046 598.425
115.775 151.524
552.678 213.562
100.15 545.982
495.596 465.34
420.106 544.737
408.924 5.25529
325.889 357.231
164.605 224.567
640.742 258.498
153.642 188.604
122.245 150.847
739.061 43.1227
337.901 369.079
735.081 10.5472
179.595 597.766
238.313 395.373
742.259 69.2709
735.13 517.215
91.4823 111.625
610.785 190.399
245.418 214.533
585.052 468.764
295.37 82.5282
399.451 74.4163
390.759 44.1115
481.021 429.286
113.089 285.397
307.602 108.072
763.866 277.102
799.805 31.55
691.671 63.7226
64.333 218.744
383.264 583.557
214.289 416.926
43.8002 488.156
190.362 427.985
791.04 430.531
309.287 450.16
188.556 290.011
663.424 253.719
443.324 303.287
696.994 509.287
791.968 569.933
484.024 287.759
401.209 301.291
632.636 50.4105
107.62 281.497
541.081 548.033
521.085 309.33
730.198 347.636
17.4322 489.731
177.52 405.939
545.378 543.62
777.953 407.807
772.069 4.79751
255.867 88.7539
493.179 72.8782
54.0788 460.396
631.709 390.539
723.948 156.926
350.938 514.451
142.412 422.364
406.604 548.07
680.416 156.359
662.911 505.387
647.896 538.017
97.7325 74.3248
140.41 45.9243
21.9245 148.485
612.299 593.793
437.513 595.843
301.279 199.646
660.054 433.497
29.8593 108.127
530.168 277.047
708.078 584.088
539.006 33.1248
662.911 96.353
392.663 104.19
519.23 310.739
740.989 274.172
557.39 410.462
395.105 343.663
672.213 563.341
159.233 283.547
658.638 453.969
1.46489 375.707
549.04 100.162
688.644 309.513
326.865 271.81
610.224 103.055
342.076 131.474
516.373 17.6336
152.91 215.137
494.913 534.428
319.492 571.819
312.51 161.943
73.7571 381.146
244.807 543.181
191.046 267.251
720.701 431.025
788.256 427.949
305.551 0.860622
173.54 597.913
748.704 69.0512
472.622 364.464
219.709 285.891
556.584 455.159
259.041 72.0176
396.203 515.165
367.492 367.028
568.108 594.049
159.746 358.696
237.043 59.9506
607.294 462.081
540.129 560.595
294.833 316.782
697.433 149.071
616.376 71.4133
174.224 194.153
634.931 323.978
619.672 192.871
331.48 586.633
107.254 304.825
167.998 44.0931
601.605 526.664
489.444 474.02
376.965 125.596
689.938 98.1658
312.241 50.5753
67.8243 433.351
587.591 539.976
295.102 510.55
707.492 244.453
225.52 531.297
175.494 484.036
567.083 129.881
745.579 557.591
343.394 110.086
374.792 323.997
269.198 25.3975
602.875 173.608
564.934 471.181
683.004 208.472
335.24 57.8631
189.434 150.426
436.805 133.671
226.594 595.77
159.966 25.7088
164.653 534.922
49.5865 68.099
26.7586 156.304
389.856 586.157
652.828 252.858
478.286 304.898
564.837 49.9527
213.63 351.244
58.7909 373.748
323.008 518.021
248.103 178.314
352.94 559.001
383.654 550.67
349.571 383.544
375.353 12.122
552.947 519.486
640.278 35.0841
230.183 313.285
602.46 393.597
373.009 35.8898
769.018 266.756
184.014 163.353
108.06 313.688
77.2485 400.665
53.1755 38.5266
317.783 117.795
459.218 64.5833
25.2205 366.57
434.925 36.1827
66.4815 147.111
576.971 566.93
162.481 292.776
330.625 553.307
133.94 441.939
601.971 72.1641
411.267 65.9749
546.623 181.06
533.439 421.558
260.115 239.949
361.071 396.49
694.821 273.183
328.379 517.563
528.263 590.497
659.371 289.315
508.292 185.656
672.897 132.389
599.652 531.791
502.066 290.268
456.972 91.6471
752.416 173.003
549.724 562.114
24.3171 107.01
63.2344 571.325
224.396 559.349
101.688 247.255
391.028 205.249
317.466 176.702
158.892 508.078
692.111 172.948
787.548 179.742
593.793 571.508
79.1284 391.089
436.512 72.0908
310.166 500.388
465.639 45.9792
702.243 369.097
395.129 327.256
756.932 433.387
21.363 6.79342
379.772 0.274667
538.42 247.859
718.137 537.284
279.94 441.792
438.417 23.8411
612.69 322.66
166.997 134.056
506.461 559.88
220.563 318.613
305.771 46.9863
350.255 555.321
427.894 405.939
224.982 36.6222
312.632 325.15
578.802 363.182
148.589 450.545
547.38 511.722
300.986 247.768
718.357 546.605
166.021 354.924
221.052 143.175
176.934 244.087
579.974 492.312
686.373 510.697
657.564 454.225
650.557 209.333
210.822 330.973
239.998 354.814
387.268 525.748
701.608 407.147
284.677 58.2659
797.436 59.328
300.058 204.736
745.067 346.721
192.633 231.013
184.503 196.313
185.894 88.0398
296.738 435.401
233.674 38.1603
598.505 577.624
175.42 80.8618
539.055 405.792
705.344 547.044
423.304 69.7287
680.709 130.32
586.493 518.278
294.296 524.302
545.378 383.746
35.7189 134.165
251.253 138.249
166.997 432.087
369.201 39.9731
237.068 224.256
509.024 288.546
160.356 199.17
332.92 108.036
784.57 225.227
64.4063 576.708
672.286 366.936
524.064 121.549
621.894 88.0398
16.6509 97.3601
652.339 10.5655
195.025 367.998
177.154 98.587
625.312 509.598
492.398 435.127
578.851 353.606
303.647 261.336
575.726 489.218
217.219 246.541
604.706 43.1593
520.304 57.7898
344.81 156.212
175.127 397.864
713.572 274.868
552.409 380.285
66.5792 476.986
228.571 10.2725
373.913 550.194
372.277 440.364
697.848 41.7493
644.819 369.17
497.281 198.675
339.756 452.522
483.731 16.8645
686.52 295.267
353.819 517.875
642.988 492.77
323.399 472.225
502.359 290.725
188.092 88.0215
38.8684 332.182
435.658 83.462
717.722 460.231
734.568 62.0746
293.857 245.534
324.522 409.491
525.211 7.01315
433.241 230.427
324.497 394.861
444.935 344.688
675.436 104.099
745.384 260.823
37.965 588.116
768.358 546.33
167.437 540.233
368.957 113.108
272.884 412.659
248.25 436.866
239.46 341.063
754.515 229.2
439.833 343.956
386.023 381.329
459.584 565.264
520.573 297.83
261.946 229.109
96.292 39.6252
516.227 275.527
369.347 194.446
15.6011 545.524
272.811 93.936
508.853 84.7621
102.42 95.9868
71.0471 434.321
453.847 150.993
538.615 77.1264
536.296 370.855
533 309.201
388 19.483
398.914 504.16
718.015 43.5987
181.207 39.8083
99.7101 162.365
166.094 455.782
40.8216 434.889
311.264 510.459
54.9577 124.168
90.0662 506.54
459.804 176.263
674.972 153.612
626.826 333.445
584.808 336.558
7.44652 200.067
321.201 258.626
61.1103 80.0012
719.163 327.769
9.37529 104.209
136.406 455.232
542.106 67.3482
7.30003 534.867
399.817 292.08
685.275 572.13
757.982 539.921
299.57 31.4402
737.376 287.283
151.225 470.65
566.594 385.522
572.82 231.214
520.573 423.646
377.355 253.298
161.04 212.629
621.308 183.917
403.479 309.915
206.647 247.365
135.356 402.771
47.0717 46.4736
311.386 69.6554
122.977 163.5
49.9771 137.791
550.847 129.203
56.4226 156.139
591.473 429.34
297.568 402.277
322.373 316.709
53.1022 342.106
499.234 298.05
68.4347 160.863
531.315 464.132
534.074 284.646
496.036 532.011
216.413 110.581
717.624 568.194
65.5538 465.065
34.7423 461.293
624.189 208.197
682.345 113.218
563.25 503.684
112.235 217.316
69.1671 572.57
78.2006 192.413
407.654 249.727
509.757 341.484
188.995 361.974
500.186 3.73547
459.926 46.1257
333.604 568.688
747.191 26.4595
476.162 321.158
577.386 169.433
255.94 185.931
598.749 335.24
157.549 140.666
229.133 44.496
55.1775 566.015
355.821 578.924
510.025 301.419
11.7435 234.565
256.697 275.912
353.331 146.928
203.864 281.771
64.8701 5.87786
673.556 160.643
314.56 479.879
604.926 170.421
186.871 67.6778
646.919 401.672
716.794 196.808
464.98 12.4882
50.3433 286.99
186.871 350.511
256.917 197.668
312.534 130.613
317.905 178.405
413.001 537.449
617.158 140.519
543.376 21.0395
657.711 369.115
94.9004 254.946
130.473 93.9909
411.145 24.7017
259.09 238.502
292.978 316.434
346.519 164.544
318.052 373.363
48.2192 133.177
298.935 189.758
696.896 498.904
205.499 10.6204
203.693 356.792
76.4428 305.869
461.074 461.257
444.642 588.116
172.173 534.776
401.819 542.338
31.8369 585.791
427.039 36.5123
384.069 554.277
704.538 281.936
681.075 103.824
455.287 311.692
68.9962 78.9758
207.941 46.4003
425.159 246.394
533.659 515.787
771.63 238.997
769.921 504.819
390.808 121.366
58.6688 593.28
367.125 295.596
223.347 57.3138
80.5933 165.899
9.83917 2.05084
776.855 81.1548
216.877 593.664
738.646 573.797
440.126 359.685
584.027 413.977
555.535 426.832
16.0894 97.763
466.689 64.217
549.26 288.052
41.2366 201.605
336.973 26.8807
761.473 90.5484
426.283 438.075
613.617 178.185
563.616 138.835
541.789 561.382
677.462 79.0857
390.417 290.78
562.346 427.308
261.068 93.2402
289.535 21.4789
408.289 581.176
269.149 204.297
399.353 317.826
289.12 160.772
263.314 207.3
455.287 577.551
353.941 577.807
158.452 342.418
251.741 426.978
392.834 102.744
630.097 198.144
750.975 401.727
410.462 156.267
420.399 410.993
331.578 532.066
106.815 578.649
457.802 303.323
608.759 211.072
351.353 182.159
568.767 507.675
633.955 76.7602
326.377 466.86
262.117 196.551
797.461 382.592
241.78 269.43
305.136 349.596
106.986 39.8999
687.374 96.4446
287.387 316.855
5.9328 165.239
690.158 539.573
782.226 556.291
620.673 530.967
684.274 456.917
767.455 6.62862
190.704 573.046
376.012 508.573
555.901 282.083
736.961 332.109
202.057 126.347
112.894 315.079
462.49 65.041
29.6884 257.875
1.70904 404.456
56.5447 242.97
37.1349 24.189
200.25 422.932
486.978 19.0069
38.5022 345.457
370.153 174.377
117.313 384.35
182.476 594.91
337.339 345.054
374.548 104.227
54.4206 213.507
56.032 135.136
219.147 517.215
451.747 328.593
280.453 67.037
434.095 560.668
578.289 548.839
657.173 415.735
550.359 133.067
417.396 25.1778
277.938 571.966
565.813 489.785
495.743 352.177
596.673 5.07218
590.814 172.289
37.965 108.054
115.506 513.572
268.221 164.196
139.628 172.82
84.8659 513.388
366.466 126.164
349.474 193.677
337.95 592.401
634.175 61.4704
653.951 464.681
794.775 226.875
530.534 179.357
795.63 223.212
422.425 390.704
510.782 429.084
434.266 520.127
26.8319 562.078
46.1928 348.845
572.356 362.505
278.475 322.697
198.761 86.3918
219.977 137.718
337.95 525.987
245.882 275.381
561.321 176.794
649.483 56.1785
65.3584 69.9484
12.891 480.337
9.03348 88.461
442.079 24.3355
427.381 286.203
790.551 62.1113
246.809 28.4921
197.467 279.629
527.262 72.75
264.779 151.341
255.33 408.301
198.199 47.9385
14.5268 173.699
437.465 43.2325
456.777 270.84
300.449 189.758
500.504 594.031
366.662 331.266
580.486 293.124
724.461 221.162
673.971 189.483
207.477 415.644
28.5409 163.372
545.28 509.983
316.709 231.471
552.629 587.072
741.502 533.549
283.383 46.8398
419.251 546.751
273.006 285.195
563.713 546.495
595.331 591.357
196.466 232.423
58.3758 332.273
309.336 538.493
264.241 393.066
603.095 545.726
457.973 141.746
527.75 316.453
690.597 287.686
749.486 368.841
21.1188 101.846
769.14 210.303
82.7418 568.157
17.1636 448.787
737.913 134.184
550.285 100.363
547.6 30.5795
274.52 212.262
779.687 427.29
420.032 19.6478
81.2037 195.636
192.291 355.437
139.848 145.299
725.022 531.242
659.42 304.331
59.3768 408.85
774.389 111.496
475.21 480.575
428.504 489.346
298.325 277.23
442.47 466.933
309.653 522.874
395.74 520.951
80.9595 354.375
247.151 503.94
761.986 425.422
20.0446 128.251
44.142 212.903
275.961 74.8375
626.044 344.963
102.713 295.212
305.21 69.216
141.484 175.512
221.638 79.9829
177.886 131.657
177.74 223.249
422.083 303.873
760.033 498.099
3.19834 119.59
387.121 273.366
202.423 393.634
609.589 538.383
350.523 334.05
586.151 506.192
314.17 122.739
461.513 588.684
696.506 239.344
170.733 61.4338
276.571 397.168
595.306 238.026
213.117 60.1154
795.483 271.755
137.089 409.253
644.502 3.9552
458.486 127.427
189.215 577.606
12.0609 471.493
262.264 434.816
167.339 599.872
470.864 217.06
527.311 425.092
687.057 387.097
541.667 359.575
564.763 290.707
158.696 223.469
8.10572 477.883
241.438 483.45
716.55 201.386
672.848 291
531.266 312.076
75.0511 289.169
708.615 469.167
667.721 456.441
244.441 284.793
590.228 356.316
575.799 521.079
413.245 461.678
383.361 158.739
564.275 522.434
621.064 456.02
391.98 245.222
297.006 416.486
395.056 54.1276
731.004 184.594
739.695 0.824
413.514 387.829
791.43 593.243
591.522 143.907
785.937 11.1148
505.557 352.177
763.89 477.792
3.51573 587.512
294.833 256.117
456.069 415.882
515.25 238.209
98.4161 50.0809
5.54216 396.93
323.887 364.519
431.214 68.4103
653.877 187.506
672.97 134.22
509.391 490.335
171.001 71.7612
709.299 191.443
608.344 541.935
419.959 394.494
258.065 282.376
81.5455 579.382
519.913 375.762
435.878 564.495
570.598 461
180.645 159.398
453.456 556.859
775.707 126.456
532.121 266.28
125.199 570.061
33.0332 30.3598
462.026 372.503
202.326 400.739
158.184 395.099
401.55 398.999
387.121 263.094
667.525 531.956
362.462 453.511
661.348 131.639
78.3959 104.355
531.266 588.574
276.547 464.187
14.8198 547.044
164.287 200.47
505.02 31.4585
210.041 285.873
5.24918 172.216
139.628 480.941
98.8556 499.802
259.481 331.98
457.143 276.223
231.404 503.024
11.9144 432.142
223.762 560.411
316.953 578.649
164.36 428.974
623.237 262.49
419.861 438.404
193.78 133.232
426.649 578.521
582.147 191.479
198.444 482.424
199.982 386.493
435.365 156.029
299.057 132.389
559.514 572.954
291.733 211.274
2.27058 553.105
736.058 32.2825
468.007 444.374
709.616 315.336
99.3927 25.5806
697.531 568.047
469.399 549.773
119.413 224.97
524.625 146.251
620.698 17.542
5.39567 300.815
