1 20 0
10 10
12 9
14 10
16 12
18 14
19 16
20 18
19 20
18 22
16 24
14 25
12 24
10 22
9 20
8 18
9 16
10 14
11 12
10 11
9 10

2 20 0
30 30
32 29
34 30
36 32
38 34
39 36
40 38
39 40
38 42
36 44
34 45
32 44
30 42
29 40
28 38
29 36
30 34
31 32
30 31
29 30

3 20 0
60 10
62 9
64 10
66 12
68 14
69 16
70 18
69 20
68 22
66 24
64 25
62 24
60 22
59 20
58 18
59 16
60 14
61 12
60 11
59 10

4 20 0
15 60
17 59
19 60
21 62
23 64
24 66
25 68
24 70
23 72
21 74
19 75
17 74
15 72
14 70
13 68
14 66
15 64
16 62
15 61
14 60

5 20 0
40 60
42 59
44 60
46 62
48 64
49 66
50 68
49 70
48 72
46 74
44 75
42 74
40 72
39 70
38 68
39 66
40 64
41 62
40 61
39 60

6 20 0
70 50
72 49
74 50
76 52
78 54
79 56
80 58
79 60
78 62
76 64
74 65
72 64
70 62
69 60
68 58
69 56
70 54
71 52
70 51
69 50

7 20 0
20 30
22 29
24 30
26 32
28 34
29 36
30 38
29 40
28 42
26 44
24 45
22 44
20 42
19 40
18 38
19 36
20 34
21 32
20 31
19 30

8 20 0
50 10
52 9
54 10
56 12
58 14
59 16
60 18
59 20
58 22
56 24
54 25
52 24
50 22
49 20
48 18
49 16
50 14
51 12
50 11
49 10

9 20 0
75 75
77 74
79 75
81 77
83 79
84 81
85 83
84 85
83 87
81 89
79 90
77 89
75 87
74 85
73 83
74 81
75 79
76 77
75 76
74 75

10 20 0
5 40
7 39
9 40
11 42
13 44
14 46
15 48
14 50
13 52
11 54
9 55
7 54
5 52
4 50
3 48
4 46
5 44
6 42
5 41
4 40

11 20 0
10 10
12 9
14 10
16 12
18 14
19 16
20 18
19 20
18 22
16 24
14 25
12 24
10 22
9 20
8 18
9 16
10 14
11 12
10 11
9 10

12 20 0
30 30
32 29
34 30
36 32
38 34
39 36
40 38
39 40
38 42
36 44
34 45
32 44
30 42
29 40
28 38
29 36
30 34
31 32
30 31
29 30

13 20 0
60 10
62 9
64 10
66 12
68 14
69 16
70 18
69 20
68 22
66 24
64 25
62 24
60 22
59 20
58 18
59 16
60 14
61 12
60 11
59 10

14 20 0
15 60
17 59
19 60
21 62
23 64
24 66
25 68
24 70
23 72
21 74
19 75
17 74
15 72
14 70
13 68
14 66
15 64
16 62
15 61
14 60

15 20 0
40 60
42 59
44 60
46 62
48 64
49 66
50 68
49 70
48 72
46 74
44 75
42 74
40 72
39 70
38 68
39 66
40 64
41 62
40 61
39 60

16 20 0
70 50
72 49
74 50
76 52
78 54
79 56
80 58
79 60
78 62
76 64
74 65
72 64
70 62
69 60
68 58
69 56
70 54
71 52
70 51
69 50

17 20 0
20 30
22 29
24 30
26 32
28 34
29 36
30 38
29 40
28 42
26 44
24 45
22 44
20 42
19 40
18 38
19 36
20 34
21 32
20 31
19 30

18 20 0
50 10
52 9
54 10
56 12
58 14
59 16
60 18
59 20
58 22
56 24
54 25
52 24
50 22
49 20
48 18
49 16
50 14
51 12
50 11
49 10

19 20 0
75 75
77 74
79 75
81 77
83 79
84 81
85 83
84 85
83 87
81 89
79 90
77 89
75 87
74 85
73 83
74 81
75 79
76 77
75 76
74 75

20 20 0
5 40
7 39
9 40
11 42
13 44
14 46
15 48
14 50
13 52
11 54
9 55
7 54
5 52
4 50
3 48
4 46
5 44
6 42
5 41
4 40

21 20 0
10 10
12 9
14 10
16 12
18 14
19 16
20 18
19 20
18 22
16 24
14 25
12 24
10 22
9 20
8 18
9 16
10 14
11 12
10 11
9 10

22 20 0
30 30
32 29
34 30
36 32
38 34
39 36
40 38
39 40
38 42
36 44
34 45
32 44
30 42
29 40
28 38
29 36
30 34
31 32
30 31
29 30

23 20 0
60 10
62 9
64 10
66 12
68 14
69 16
70 18
69 20
68 22
66 24
64 25
62 24
60 22
59 20
58 18
59 16
60 14
61 12
60 11
59 10

24 20 0
15 60
17 59
19 60
21 62
23 64
24 66
25 68
24 70
23 72
21 74
19 75
17 74
15 72
14 70
13 68
14 66
15 64
16 62
15 61
14 60

25 20 0
40 60
42 59
44 60
46 62
48 64
49 66
50 68
49 70
48 72
46 74
44 75
42 74
40 72
39 70
38 68
39 66
40 64
41 62
40 61
39 60

26 20 0
70 50
72 49
74 50
76 52
78 54
79 56
80 58
79 60
78 62
76 64
74 65
72 64
70 62
69 60
68 58
69 56
70 54
71 52
70 51
69 50

27 20 0
20 30
22 29
24 30
26 32
28 34
29 36
30 38
29 40
28 42
26 44
24 45
22 44
20 42
19 40
18 38
19 36
20 34
21 32
20 31
19 30

28 20 0
50 10
52 9
54 10
56 12
58 14
59 16
60 18
59 20
58 22
56 24
54 25
52 24
50 22
49 20
48 18
49 16
50 14
51 12
50 11
49 10

29 20 0
75 75
77 74
79 75
81 77
83 79
84 81
85 83
84 85
83 87
81 89
79 90
77 89
75 87
74 85
73 83
74 81
75 79
76 77
75 76
74 75

30 20 0
5 40
7 39
9 40
11 42
13 44
14 46
15 48
14 50
13 52
11 54
9 55
7 54
5 52
4 50
3 48
4 46
5 44
6 42
5 41
4 40

31 20 0
10 10
12 9
14 10
16 12
18 14
19 16
20 18
19 20
18 22
16 24
14 25
12 24
10 22
9 20
8 18
9 16
10 14
11 12
10 11
9 10

32 20 0
30 30
32 29
34 30
36 32
38 34
39 36
40 38
39 40
38 42
36 44
34 45
32 44
30 42
29 40
28 38
29 36
30 34
31 32
30 31
29 30

33 20 0
60 10
62 9
64 10
66 12
68 14
69 16
70 18
69 20
68 22
66 24
64 25
62 24
60 22
59 20
58 18
59 16
60 14
61 12
60 11
59 10

34 20 0
15 60
17 59
19 60
21 62
23 64
24 66
25 68
24 70
23 72
21 74
19 75
17 74
15 72
14 70
13 68
14 66
15 64
16 62
15 61
14 60

35 20 0
40 60
42 59
44 60
46 62
48 64
49 66
50 68
49 70
48 72
46 74
44 75
42 74
40 72
39 70
38 68
39 66
40 64
41 62
40 61
39 60

36 20 0
70 50
72 49
74 50
76 52
78 54
79 56
80 58
79 60
78 62
76 64
74 65
72 64
70 62
69 60
68 58
69 56
70 54
71 52
70 51
69 50

37 20 0
20 30
22 29
24 30
26 32
28 34
29 36
30 38
29 40
28 42
26 44
24 45
22 44
20 42
19 40
18 38
19 36
20 34
21 32
20 31
19 30

38 20 0
50 10
52 9
54 10
56 12
58 14
59 16
60 18
59 20
58 22
56 24
54 25
52 24
50 22
49 20
48 18
49 16
50 14
51 12
50 11
49 10

39 20 0
75 75
77 74
79 75
81 77
83 79
84 81
85 83
84 85
83 87
81 89
79 90
77 89
75 87
74 85
73 83
74 81
75 79
76 77
75 76
74 75

40 20 0
5 40
7 39
9 40
11 42
13 44
14 46
15 48
14 50
13 52
11 54
9 55
7 54
5 52
4 50
3 48
4 46
5 44
6 42
5 41
4 40

41 20 0
10 10
12 9
14 10
16 12
18 14
19 16
20 18
19 20
18 22
16 24
14 25
12 24
10 22
9 20
8 18
9 16
10 14
11 12
10 11
9 10

42 20 0
30 30
32 29
34 30
36 32
38 34
39 36
40 38
39 40
38 42
36 44
34 45
32 44
30 42
29 40
28 38
29 36
30 34
31 32
30 31
29 30

43 20 0
60 10
62 9
64 10
66 12
68 14
69 16
70 18
69 20
68 22
66 24
64 25
62 24
60 22
59 20
58 18
59 16
60 14
61 12
60 11
59 10

44 20 0
15 60
17 59
19 60
21 62
23 64
24 66
25 68
24 70
23 72
21 74
19 75
17 74
15 72
14 70
13 68
14 66
15 64
16 62
15 61
14 60

45 20 0
40 60
42 59
44 60
46 62
48 64
49 66
50 68
49 70
48 72
46 74
44 75
42 74
40 72
39 70
38 68
39 66
40 64
41 62
40 61
39 60

46 20 0
70 50
72 49
74 50
76 52
78 54
79 56
80 58
79 60
78 62
76 64
74 65
72 64
70 62
69 60
68 58
69 56
70 54
71 52
70 51
69 50

47 20 0
20 30
22 29
24 30
26 32
28 34
29 36
30 38
29 40
28 42
26 44
24 45
22 44
20 42
19 40
18 38
19 36
20 34
21 32
20 31
19 30

48 20 0
50 10
52 9
54 10
56 12
58 14
59 16
60 18
59 20
58 22
56 24
54 25
52 24
50 22
49 20
48 18
49 16
50 14
51 12
50 11
49 10

49 20 0
75 75
77 74
79 75
81 77
83 79
84 81
85 83
84 85
83 87
81 89
79 90
77 89
75 87
74 85
73 83
74 81
75 79
76 77
75 76
74 75

50 20 0
5 40
7 39
9 40
11 42
13 44
14 46
15 48
14 50
13 52
11 54
9 55
7 54
5 52
4 50
3 48
4 46
5 44
6 42
5 41
4 40

51 20 0
10 10
12 9
14 10
16 12
18 14
19 16
20 18
19 20
18 22
16 24
14 25
12 24
10 22
9 20
8 18
9 16
10 14
11 12
10 11
9 10

52 20 0
30 30
32 29
34 30
36 32
38 34
39 36
40 38
39 40
38 42
36 44
34 45
32 44
30 42
29 40
28 38
29 36
30 34
31 32
30 31
29 30

53 20 0
60 10
62 9
64 10
66 12
68 14
69 16
70 18
69 20
68 22
66 24
64 25
62 24
60 22
59 20
58 18
59 16
60 14
61 12
60 11
59 10

54 20 0
15 60
17 59
19 60
21 62
23 64
24 66
25 68
24 70
23 72
21 74
19 75
17 74
15 72
14 70
13 68
14 66
15 64
16 62
15 61
14 60

55 20 0
40 60
42 59
44 60
46 62
48 64
49 66
50 68
49 70
48 72
46 74
44 75
42 74
40 72
39 70
38 68
39 66
40 64
41 62
40 61
39 60

56 20 0
70 50
72 49
74 50
76 52
78 54
79 56
80 58
79 60
78 62
76 64
74 65
72 64
70 62
69 60
68 58
69 56
70 54
71 52
70 51
69 50

57 20 0
20 30
22 29
24 30
26 32
28 34
29 36
30 38
29 40
28 42
26 44
24 45
22 44
20 42
19 40
18 38
19 36
20 34
21 32
20 31
19 30

58 20 0
50 10
52 9
54 10
56 12
58 14
59 16
60 18
59 20
58 22
56 24
54 25
52 24
50 22
49 20
48 18
49 16
50 14
51 12
50 11
49 10

59 20 0
75 75
77 74
79 75
81 77
83 79
84 81
85 83
84 85
83 87
81 89
79 90
77 89
75 87
74 85
73 83
74 81
75 79
76 77
75 76
74 75

60 20 0
5 40
7 39
9 40
11 42
13 44
14 46
15 48
14 50
13 52
11 54
9 55
7 54
5 52
4 50
3 48
4 46
5 44
6 42
5 41
4 40

61 20 0
15 40
7 39
9 40
11 42
13 44
14 46
15 48
14 50
13 52
11 54
9 55
7 54
5 52
4 50
3 48
4 46
5 44
6 42
5 41
4 40

62 20 0
5 40
70 39
9 40
11 42
13 44
14 46
15 48
14 50
13 52
11 54
9 55
7 54
5 52
4 50
3 48
4 46
52 44
6 42
5 41
4 40

63 20 0
5 40
7 39
90 40
11 42
13 44
14 46
15 48
14 50
13 52
11 54
9 55
7 54
5 52
4 50
3 48
4 46
5 44
6 42
5 41
4 40

64 20 0
5 40
7 39
9 40
12 42
13 44
14 46
15 48
14 50
13 52
11 54
9 55
7 54
5 52
4 50
3 48
4 46
5 44
6 42
5 41
5 40

65 20 0
5 40
7 39
9 40
11 42
13 44
14 46
15 48
14 50
13 52
11 54
9 55
7 54
5 52
4 50
4 48
5 46
6 44
7 42
8 41
9 40